-9.339276 3.614995
-10.281431 -2.434200
58.2845878 9.632181
64.652000 8.3869256
61.276218 24.106269
67.790328 22.861679
60.3 30.9
72.8 28
54 32
79.6 27.8
17.845748901367188 0.5718004703521729 0.6320239536693292 0.7749488512077359
39.20167541503906 -4.3819122314453125 0.6322015723408934 0.7748039570947622
58.834075927734375 -8.097467422485352 0.6288012088443032 0.7775660999271656
73.4015884399414 -11.21509838104248 0.632067607241078 0.774913246677677
24.051586151123047 11.180009841918945 -0.09718287356100655 0.9952665417296139 
36.69443130493164 9.501376152038574 0.994098149138263 0.108484422291313
20.88372230529785 16.9882869720459 0.6391248627235155 0.7691029904041768
42.6447639465332 12.702943801879883 0.6353057653597951 0.7722606972393486
45.00078201293945 6.675433158874512 -0.1041987214152087 0.9945564973672616
56.755943298339844 5.056431770324707 0.9951741114341875 0.09812485888486724
61.91285705566406 8.989676475524902 0.6376179892789682 0.7703527112614362
64.16089630126953 2.7833316326141357 -0.0968418131860707 0.9952997856017222
75.50834655761719 5.081555366516113 0.6383090354373845 0.7697802123197217
76.77289581298828 27.705751419067383 0.9954528682025084 0.09525537878460967
69.88201904296875 28.126251220703125 -0.08695843478973969 0.9962119406124976
67.11808013916016 33.8757438659668 0.6424477523870878 0.7663294888315202
61.622005462646484 30.76405143737793 0.9927331130712834 0.12033688633082712
28.808486938476562 36.517452239990234 -0.09625625370636882 0.995356586165187
32.47492980957031 52.77110290527344 -0.07465051453765988 0.9972097576133432
48.05459976196289 45.836021423339844 -0.7710490925112922 0.6367757037902065
63.5919075012207 47.50942611694336 0.9952728701064492 0.09711804173309435
73.49331665039062 44.815711975097656 -0.09853797923766251 0.9951332908951233
79.34709167480469 44.36471176147461 0.9924365357115008 0.12275879840139778
