-0.8 58.9 41.056599 28.820552
14.1 49.2 41.056462 28.820527
26.7 36.5 41.056278 28.820461
33.9 28.5 41.056172 28.820421
43.1 16.7 41.056055 28.820388
34.8 8.0 41.056088 28.820193
27.6 16.5 41.056187 28.820238
18.2 28.0 41.056296 28.820286
7.5 38.0 41.056490 28.820355
-7.4 53.4 41.056638 28.820421
-15.7 44.3 41.056657 28.820303
-2.8 30.4 41.056532 28.820261
5.7 20.6 41.056333 28.820168
16.8 8.0 41.056220 28.820130
24.1 -0.6 41.056123 28.820088
13.3 -9.8 41.056149 28.819929
7.8 -3.0 41.056258 28.819972
-1.0 7.7 41.056372 28.820028
-10.7 17.5 41.056543 28.820097
-25.2 34.8 41.056680 28.820154
-32.3 25.9 41.056683 28.819994
-22.7 14.3 41.056569 28.819941
-13.7 2.9 41.056405 28.819872
-3.5 -8.9 41.056307 28.819817
4.5 -17.7 41.056189 28.819763
-4.9 -25.0 41.056227 28.819598
-9.7 -18.0 41.056333 28.819655
-17.5 -8.2 41.056438 28.819703
-26.2 1.8 41.056598 28.819777
-38.2 13.9 41.056659 28.819798
-19.4 -35.8 41.056278 28.819443
-25.5 -28.4 41.056387 28.819488
-32.1 -20.2 41.056505 28.819544
-37.4 -7.1 41.056599 28.819663
