4.564099 49.096756 40.79006195 29.50949097
4.564099 49.096756 40.79006195 29.50949097
4.564099 49.096756 40.79006195 29.50949097
4.564099 49.096756 40.79006195 29.50949097
4.564099 49.096756 40.79006195 29.50949097
4.564099 49.096756 40.79006195 29.50949097
4.564099 49.096756 40.79006195 29.50948906
4.564099 49.096756 40.79006195 29.50948906
4.564099 49.096756 40.79006577 29.50948906
4.564099 49.096756 40.79006577 29.50948906
4.564099 49.096756 40.79006577 29.50948906
4.564099 49.096756 40.79006577 29.50948906
4.564099 49.096756 40.79006577 29.50948906
4.564099 49.096756 40.79006577 29.50948906
4.564099 49.096756 40.79006577 29.50948906
4.564099 49.096756 40.79006577 29.50948906
4.564099 49.096756 40.79006577 29.50948906
4.564099 49.096756 40.79006577 29.50948906
4.564099 49.096756 40.79006577 29.50948906
4.564099 49.096756 40.79006577 29.50948906
4.564099 49.096756 40.79006195 29.50948906
4.564099 49.096756 40.79006195 29.50948906
4.564099 49.096756 40.79006195 29.50948906
4.564099 49.096756 40.79006195 29.50948906
4.564099 49.096756 40.79006195 29.50948906
4.564099 49.096756 40.79006195 29.50948906
4.564099 49.096756 40.79006195 29.50948906
4.564099 49.096756 40.79006195 29.50948906
4.564099 49.096756 40.79006577 29.50948906
4.564099 49.096756 40.79006577 29.50948906
4.564099 49.096756 40.79006577 29.50948906
4.564099 49.096756 40.79006577 29.50948906
4.564099 49.096756 40.79006195 29.50948906
4.564099 49.096756 40.79006195 29.50948906
4.564099 49.096756 40.79006195 29.50948715
4.564099 49.096756 40.79006195 29.50948715
4.564099 49.096756 40.79006195 29.50948906
4.564099 49.096756 40.79006195 29.50948906
4.564099 49.096756 40.79006195 29.50948906
4.564099 49.096756 40.79006195 29.50948906
4.564099 49.096756 40.79006195 29.50948906
4.564099 49.096756 40.79006195 29.50948906
4.564099 49.096756 40.79006195 29.50948906
4.564099 49.096756 40.79006195 29.50948906
4.564099 49.096756 40.79006195 29.50948906
4.593744 49.069901 40.79006195 29.50948906
4.667856 49.002764 40.79006195 29.50948715
4.719734 48.955768 40.79006195 29.50948715
4.830902 48.855062 40.79006195 29.50948524
4.905014 48.787925 40.79006195 29.50948524
5.097705 48.613368 40.79006195 29.50948334
5.201462 48.519375 40.79006195 29.50948334
5.453443 48.291109 40.79006195 29.50947952
5.586844 48.170262 40.79006195 29.50947952
5.883292 47.901713 40.79006195 29.50947380
6.046339 47.754011 40.79006195 29.50947380
6.387254 47.445179 40.79005814 29.50946617
6.579945 47.270622 40.79005814 29.50946617
6.950505 46.934936 40.79005814 29.50946045
7.158019 46.746952 40.79005814 29.50946045
7.624924 46.323987 40.79005432 29.50945091
7.817615 46.149430 40.79005432 29.50945091
8.128886 45.867453 40.79005051 29.50944328
8.247465 45.760034 40.79005051 29.50944328
8.417922 45.605618 40.79005051 29.50943565
8.484623 45.545195 40.79005051 29.50943565
8.595791 45.444489 40.79005051 29.50943184
8.625436 45.417634 40.79005051 29.50943184
8.647670 45.397493 40.79005051 29.50943184
8.647670 45.397493 40.79005051 29.50943184
8.647670 45.397493 40.79005051 29.50943184
8.647670 45.397493 40.79005051 29.50943184
8.647670 45.397493 40.79005051 29.50943184
8.640258 45.404206 40.79005051 29.50943184
8.536502 45.498198 40.79005051 29.50943375
8.440156 45.585477 40.79005051 29.50943375
8.188175 45.813744 40.79005432 29.50943756
8.032540 45.954732 40.79005432 29.50943756
7.669391 46.283704 40.79005432 29.50944519
7.491523 46.444834 40.79005432 29.50944519
7.180252 46.726810 40.79005814 29.50945282
7.032028 46.861085 40.79005814 29.50945282
6.765225 47.102779 40.79005814 29.50946045
6.631823 47.223626 40.79005814 29.50946045
6.372431 47.458607 40.79006195 29.50946617
6.239030 47.579454 40.79006195 29.50946617
5.987049 47.807720 40.79006195 29.50947189
5.868470 47.915140 40.79006195 29.50947189
5.646134 48.116552 40.79006577 29.50947762
5.564611 48.190403 40.79006577 29.50947762
5.416387 48.324677 40.79006577 29.50948143
5.349686 48.385101 40.79006577 29.50948143
5.216284 48.505948 40.79006958 29.50948524
5.127350 48.586513 40.79006958 29.50948524
4.905014 48.787925 40.79006958 29.50948906
4.793846 48.888630 40.79006958 29.50948906
4.593744 49.069901 40.79006958 29.50949478
4.593744 49.069901 40.79006958 29.50949478
4.593744 49.069901 40.79006958 29.50949860
4.593744 49.069901 40.79006958 29.50949860
4.593744 49.069901 40.79006958 29.50950241
4.593744 49.069901 40.79006958 29.50950241
4.593744 49.069901 40.79006958 29.50950241
4.593744 49.069901 40.79006958 29.50950241
4.593744 49.069901 40.79007339 29.50950432
4.593744 49.069901 40.79007339 29.50950432
4.593744 49.069901 40.79007339 29.50950432
4.593744 49.069901 40.79007339 29.50950432
4.593744 49.069901 40.79007339 29.50950241
4.593744 49.069901 40.79007339 29.50950241
4.593744 49.069901 40.79007339 29.50950241
4.593744 49.069901 40.79007339 29.50950241
4.593744 49.069901 40.79007339 29.50950241
4.593744 49.069901 40.79007339 29.50950241
4.593744 49.069901 40.79007339 29.50950241
